0 60.7143 125.476 66 0 13.8095 54.7619 17.6471 2
0 56.8286 115.114 80 0 17.2249 53.5885 18.0392 1
0 61.3115 119.836 72 0 10.3774 46.6981 16.8627 1
0 53.0056 114.607 77 0 10 41.4286 17.6471 1
0 55.6117 118.005 67 0 12.2066 53.9906 16.4706 1
0 52.3421 112.737 65 0 15.814 48.3721 15.6863 1
0 71.229 139.609 76 0 19.4444 68.9815 15.2941 1
0 72.426 140.325 86 0 20.2073 56.9948 24.3137 2
0 70.442 140.884 74 0 18.125 65 37.2549 2
0 69.1525 138.305 78 0 18.7097 65.1613 39.2157 1
0 66.3905 128.254 86 0 22.4599 56.1497 26.6667 5
0 62.6816 126.788 76 0 13.1068 47.5728 19.2157 2
0 64.1317 129.79 88 0 11.2195 45.3659 19.6078 2
0 79.5 148.5 85 0 18.7134 67.2515 32.9412 1
0 77.093 143.808 83 0 16.3043 69.0217 27.8431 1
0 73.9815 141.667 93 0 21.831 54.9296 44.3137 1
0 71.3393 135.089 87 0 22.0859 58.2822 36.0784 1
0 71.0127 132.342 97 0 21.7391 53.4161 36.8627 1
0 68.4146 132.165 91 0 24.0506 53.1646 38.0392 1
0 69.3987 135.57 97 0 29.771 51.145 48.6274 7
0 83.9032 161.226 100 0 35.8491 61.0063 37.6471 2
0 88.9145 166.086 103 0 37.7484 64.2384 40.7843 1
0 70.9271 135.099 104 0 27.5449 60.479 34.5098 1
0 75.1923 135.673 99 0 29.8851 63.2184 31.7647 1
0 75.8544 140.411 97 0 34.0314 68.0628 25.098 1
0 70.4605 129.178 103 0 20.3209 42.7807 26.6667 4
0 66.5924 115.318 98 0 23.6842 48.9474 25.4902 1
0 60.3948 119.112 103 0 15.2632 38.9474 25.4902 1
0 80.2448 149.79 112 0 20.5714 45.7143 31.3725 1
0 78.8487 150.987 103 0 25.1968 70.0787 50.1961 3
0 75.8108 146.453 107 0 17.7778 63.7037 47.0588 1
0 80.7194 148.597 116 0 25 66.9118 46.6667 1
0 79.3709 148.609 104 0 20.3704 68.5185 36.4706 1
0 75.7609 144.13 117 0 18.0233 68.6047 32.549 1
0 93.9474 176.151 103 0 22.1591 76.7046 30.9804 1
0 96.7242 174.103 110 0 46.6667 55 29.4118 4
0 92.0833 168.229 111 0 48.3051 59.322 53.7255 4
0 89.7887 158.028 113 0 44.1177 52.9412 46.6667 1
0 85 160.957 114 0 43.2258 56.7742 39.2157 1
0 86.7708 159.375 111 0 40.1575 48.0315 50.1961 3
0 85.6071 165.75 115 0 38.4106 52.9801 40.7843 1
0 90.8219 160.685 109 0 39.7163 52.4823 44.7059 1
0 63.75 129.375 119 0 33.9744 51.2821 38.8235 1
0 67.7622 128.392 112 0 20.9459 54.0541 41.9608 4
0 97.2302 179.784 116 0 28 69.6 50.9804 1
0 102.402 184.724 128 0 33.0645 69.3548 51.3725 4
0 102 187 120 0 26 74 60.7843 1
0 110.114 197.045 123 0 32.1168 82.4818 46.2745 1
0 86.2782 164.887 122 0 34.5865 65.4135 47.8431 8
0 85 160.761 117 0 33.8583 58.2677 50.1961 1
0 84.3609 153.383 122 0 28.6765 49.2647 46.6667 5
0 72.5769 141.231 125 0 25.4386 54.386 55.2941 1
0 67.5 129.375 119 0 27.5862 53.4483 54.5098 3
0 70.9399 136.128 122 0 31.25 53.5714 56.0784 1
0 57.3256 112.674 126 0 19.8718 52.5641 38.8235 1
0 81.4286 147.857 136 0 36.3636 59.8485 48.2353 2
0 79.4262 154.672 133 0 39.1304 63.7681 45.8824 1
0 74.6341 140.976 132 0 30.8725 65.7718 41.5686 1
0 99.7826 177.391 140 0 27.5862 62.931 54.5098 2
0 101.157 183.347 134 0 25 62.8378 41.9608 1
0 98.7097 183.024 131 0 41.129 70.9677 51.3725 1
0 107.715 189.052 139 0 27.5591 79.5276 50.1961 2
0 107.615 187.156 146 0 53.0435 66.9565 54.902 3
0 107.262 186.19 129 0 48.5149 68.3168 60.3922 1
0 63.75 127.5 135 0 22.3301 61.1651 59.6078 1
0 98.0769 170 138 0 42.3611 64.5833 43.5294 1
0 67.6991 128.628 142 0 23.6842 51.7544 55.2941 4
0 71.8636 136.773 145 0 27.7778 51.8518 57.6471 1
0 54.8131 107.243 148 0 13.1148 35.2459 52.1569 1
0 51.9903 106.456 152 0 29.4118 52.9412 46.6667 1
0 88.0909 153 145 0 33.9286 58.9286 56.0784 2
0 90 155 153 0 30.6122 55.102 61.5686 1
0 99.45 173.4 155 0 25.8928 53.5714 56.0784 1
0 114.607 203.427 166 0 31.5789 60.1504 47.8431 3
0 112.788 198.606 151 0 34.8837 70.5426 49.4118 5
0 110.758 188.03 156 0 28.0702 64.9123 55.2941 1
0 108.098 188.478 163 0 28.5714 63.4921 50.5882 1
0 75 141 170 0 17.6471 50.4202 53.3333 1
0 73.6082 139.33 158 0 20.5128 55.1282 69.4118 3
0 90.1829 164.817 173 0 21.6667 73.3333 52.9412 1
0 81.1364 153.58 167 0 15 72.5 52.9412 1
0 52.229 104.458 172 0 18.4874 56.3025 53.3333 1
0 101.42 179.659 167 0 59.5588 54.4118 46.6667 6
0 102.622 186.585 173 0 27.4194 66.129 75.6863 3
0 108.375 197.625 175 0 29.8969 61.8557 61.9608 1
0 125.886 216.266 176 0 39.6226 71.6981 58.4314 1
0 96.8355 171.076 176 0 24.7059 70.5882 66.6667 1
0 97.75 174.25 195 0 27.2727 48.4849 74.1176 3
0 95.625 173.864 167 0 26.3158 68.4211 62.7451 1
0 82.7922 125.844 178 0 28.5714 51.6484 64.3137 1
0 87.2368 147.632 179 0 29.703 51.4852 60.3922 1
0 71.831 136.479 184 0 26.25 57.5 68.6274 1
0 30.1364 63.75 35 0 4.71698 16.9811 16.8627 1
0 34.8293 73.3902 50 0 6.78733 36.1991 13.3333 5
0 39.6934 82.9953 43 0 4.56621 34.2466 14.1176 1
0 49.3548 104.194 69 0 7.69231 55.2885 18.4314 9
0 50.2273 103.03 57 0 6.31068 53.8835 19.2157 1
0 49.3548 102 100 0 11.7647 41.1765 46.6667 7
0 33.3333 75 102 0 5.29412 22.3529 33.3333 2
0 23.8 54.4 105 0 2.97619 19.6429 34.1176 1
0 25.8696 55.4348 117 0 1.16959 18.1287 32.9412 1
0 37.5 78.75 119 0 10.8527 33.3333 49.4118 1
0 37.7113 77.2183 113 0 11.811 38.5827 50.1961 6
0 48.96 99.96 130 0 15.625 45.8333 62.3529 1
0 31.875 65.875 135 0 3.65852 18.2927 67.8431 2
0 45.4455 83.3169 154 0 8.73015 33.3333 50.5882 1
0 40.8962 79.3868 149 0 13.6363 33.6363 56.8627 1
0 5.48387 19.1935 69 0 0.985222 9.3596 20.3922 1
0 16.8976 38.4036 89 0 3.57143 17.3469 23.1373 1
0 14.9026 36.4286 101 0 4.51613 13.5484 39.2157 2
0 5.34965 26.7482 112 0 1.35135 11.4865 41.9608 1
0 10.8975 37.0513 138 0 0.70922 8.51064 44.7059 1
0 13.4211 37.5789 160 0 6.84933 8.21918 71.3725 2
0 70.2174 121.957 186 0 20 45.2632 62.7451 2
0 140.435 240.217 186 0 35.7724 73.9837 51.7647 1
0 87.931 167.069 197 0 20.8333 54.1667 71.7647 1
0 83.7314 156.045 188 0 31.8182 56.8182 65.4902 1
0 80.75 153 195 0 17.2414 44.8276 65.8823 1
0 32.381 68.8095 192 0 9.61539 28.8462 79.6078 1
0 115.161 189.194 193 0 33 68 60.7843 1
0 99.4068 181.525 196 0 30.6122 57.1429 61.5686 1
0 92.7273 171.545 200 0 22.6804 57.732 61.9608 1
0 28.3333 62.3333 210 0 9.09091 33.3333 74.1176 1
0 106.744 189.767 212 0 21.1765 51.7647 66.6667 1
0 93.2927 136.829 214 0 19.3182 43.1818 65.4902 1
0 26.8421 46.9737 217 0 8.69565 28.2609 63.9216 1
0 39.2308 68.6538 229 0 9.43396 11.3208 79.2157 2
0 31.875 63.75 223 0 6.12245 22.449 80.7843 1
0 20.4 61.2 230 0 10 30 72.549 1
0 42.5 85 231 0 2.17391 10.8696 81.9608 2
0 111.563 191.25 239 0 23.9437 57.7465 72.1569 3
0 156.923 215.769 242 0 39.726 67.1233 71.3725 5
0 148.75 191.25 243 0 42.029 50.7246 72.9412 2
0 51 153 250 0 12.963 42.5926 78.8235 1
0 127.5 255 253 8.57143 0 22.8571 86.2745 1
0 255 255 254 0 21.7949 52.5641 69.4118 1
