0 53.8917 122.242 61 0 8.25688 60.5505 14.5098 2
0 53.2836 115.448 54 0 7.98122 56.8075 16.4706 1
0 61.0778 123.683 88 0 18.9655 55.7471 31.7647 1
0 61.6011 123.202 77 0 18.2927 51.2195 35.6863 1
0 61.3115 128.197 72 0 17.341 64.1619 32.1569 1
0 60.5801 125.387 74 0 15.1351 51.8919 27.451 1
0 58.736 120.337 77 0 8.09524 46.1905 17.6471 3
0 69.5454 137.642 79 0 13.1455 58.216 16.4706 3
0 67.7119 131.102 78 0 11.6822 64.486 16.0784 1
0 50.1404 108.876 77 0 7.69231 50 18.4314 3
0 77.5439 149.123 84 0 30.2885 66.8269 18.4314 3
0 75.6105 146.773 83 0 41.7647 46.4706 33.3333 1
0 57 120 85 0 8.17308 53.3654 18.4314 1
0 47.3353 99.2515 88 0 30.8824 38.9706 46.6667 1
0 83.9241 154.937 97 0 33.8889 51.6667 29.4118 1
0 76.8269 143.846 99 0 23.4848 41.6667 48.2353 1
0 74.6342 133.72 91 0 25.8427 47.7528 30.1961 1
0 72.1381 134.211 103 0 19.3182 43.75 30.9804 1
0 73.5906 135.201 106 0 23.3333 47.3333 41.1765 2
0 55.7285 116.523 104 0 24.6835 43.6709 38.0392 1
0 54.2903 110.226 100 0 18.3544 46.8354 38.0392 1
0 60.304 120.608 107 0 19.6319 45.3988 36.0784 1
0 77.766 141.064 114 0 28.6765 50.7353 46.6667 2
0 71.3287 137.308 112 0 28.5714 51.1278 47.8431 1
0 80.4363 143.758 106 0 17.9348 66.3044 27.8431 2
0 89.1608 162.273 112 0 39.4286 69.1429 31.3725 2
0 86.8478 162.609 117 0 39.5522 58.9552 47.451 2
0 83.2653 154.388 108 0 33.8462 53.8462 49.0196 1
0 87.5373 159.851 121 0 33.3333 53.8462 38.8235 1
0 96.9718 174.19 113 0 34.5238 63.6905 34.1176 1
0 96.9 176.8 105 0 28.2486 59.887 30.5882 1
0 97.6596 180.851 114 0 30.4348 57.971 45.8824 2
0 51.3542 102.708 111 0 14.4737 45.3947 40.3922 2
0 106.095 186.131 118 0 37.3984 59.3496 51.7647 1
0 64.7015 127.5 121 0 25.5639 49.6241 47.8431 1
0 66.6923 127.5 125 0 23.5714 51.4286 45.098 1
0 57.9546 115.909 123 0 18.1208 46.9799 41.5686 2
0 63.75 123.25 135 0 16.3265 45.9184 61.5686 1
0 65.7422 125.508 127 0 21.2329 45.2055 42.7451 1
0 94.0574 169.303 133 0 46.5517 52.5862 54.5098 3
0 94.1539 170.654 125 0 27.5 62.5 37.2549 3
0 94.3701 170.669 128 0 34.375 65.625 49.8039 7
0 77.9752 149.628 134 0 25.8065 55.6452 51.3725 1
0 82.9762 155.833 129 0 31.405 60.3306 52.549 1
0 100.714 184.286 136 0 31.8519 65.1852 47.0588 1
0 104.508 188.115 133 0 35.3982 67.2566 55.6863 2
0 48.875 102 135 0 15.493 47.1831 44.3137 1
0 115.304 204 140 0 40 75.7143 45.098 4
0 68.4722 134.583 147 0 21.3483 60.6742 65.098 1
0 72.1212 133.939 156 0 27.8261 72.1739 54.902 1
0 99.1667 179.444 147 0 32.6087 74.6377 45.8824 1
0 104.318 180.818 145 0 30.137 82.1918 42.7451 1
0 98.5714 173.571 136 0 27.5591 57.4803 50.1961 3
0 59.8696 115.304 140 0 20.7207 46.8469 56.4706 1
0 85.8173 152.019 151 0 23.6842 61.4035 55.2941 1
0 74.2718 146.068 152 0 30.7692 67.5214 54.1176 1
0 85.8673 150.918 157 0 27.1028 47.6636 58.0392 2
0 115 200 153 0 35.3846 79.2308 49.0196 4
0 112.088 198.956 164 0 31.4516 75.8064 51.3725 1
0 90.1515 162.273 156 0 28.169 79.5775 44.3137 1
0 97.2681 165.619 158 0 28.7356 63.2184 65.8823 2
0 58.4375 111.563 159 0 18.018 46.8469 56.4706 1
0 110.053 190.579 160 0 27.2 71.2 50.9804 1
0 118.171 205.244 173 0 26.7176 64.8855 48.6274 1
0 76.8073 135.181 172 0 22.9008 61.8321 48.6274 1
0 77.7439 143.049 173 0 26.3736 52.7473 64.3137 2
0 94.8837 171.977 169 0 23.6111 56.9444 71.7647 1
0 102 183 170 0 28.3333 64.1667 52.9412 1
0 51.6071 106.25 171 0 5.55554 26.9841 50.5882 4
0 125.926 217.222 174 0 32.8125 75 49.8039 3
0 87.0732 158.598 173 0 34.5679 64.1975 68.2353 2
0 90.822 153.699 182 0 28.125 56.25 62.3529 1
0 68.9189 130.946 181 0 24.4898 60.2041 61.5686 1
0 31.7225 71.9856 46 0 8.25243 33.9806 19.2157 2
0 34.2537 77.3881 54 0 8.25243 33.9806 19.2157 1
0 41.8657 91.3433 54 0 5.21327 45.4976 17.2549 4
0 41.2121 90.1515 57 0 5.2381 45.7143 17.6471 1
0 47.5 102.5 51 0 6.94444 50 15.2941 1
0 50.2273 109.47 57 0 6.94444 49.0741 15.2941 1
0 50.733 110.812 64 0 6.94444 55.0926 15.2941 1
0 51.5574 103.115 72 0 7.40741 47.2222 15.2941 1
0 27.2 61.2 105 0 7.48663 36.8984 26.6667 4
0 44.2 93.5 105 0 9.03614 39.1566 34.902 2
0 27.2 62.9 105 0 5.31915 39.3617 26.2745 1
0 31.875 63.75 119 0 8.86076 33.5443 38.0392 2
0 44.5238 89.0476 129 0 13.6364 47.4026 39.6078 2
0 43.4884 88.9535 126 0 14.4737 45.3947 40.3922 1
0 30.5128 63.2052 138 0 7.40741 33.3333 47.0588 1
0 41.7273 74.1818 145 0 6.45161 35.4839 51.3725 5
0 50.495 98.4654 154 0 15.4545 50 56.8627 2
0 23.1818 43.7879 57 0 3.10881 21.2435 24.3137 3
0 21.5672 45.6716 54 0 3.94089 19.2118 20.3922 1
0 20.5901 52.2671 94 0 3.20856 27.8075 26.6667 1
0 9.80769 29.4231 125 10.5263 1.05265 0 62.7451 6
0 33 48 170 0 3.50877 7.01754 77.6471 2
0 3.44589 31.0135 181 8.86078 0 3.79749 69.0196 1
0 88.5417 166.458 183 0 18.2692 81.7308 59.2157 2
0 132.887 226.268 184 0 59.6491 75.4386 55.2941 2
0 109.286 204 185 0 52.9412 68.6274 60 1
0 18.4783 48.0435 186 0 16.6667 20.8333 62.3529 2
0 26.25 60 187 0 26.087 37.3913 54.902 4
0 73.4091 142.955 189 0 35.3659 53.6585 67.8431 1
0 98.4211 178.947 198 0 27.3973 83.5616 71.3725 3
0 82.1186 151.271 196 0 21.0526 61.8421 70.1961 2
0 90.4839 152.177 193 0 40 50 76.4706 2
0 127.5 210.865 203 0 37.5 65 68.6274 2
0 9.44444 33.0556 201 0 6.45161 8.06452 75.6863 2
0 0 27.1277 208 0 5.40541 2.7027 85.4902 1
0 39.6667 62.3333 210 0 15.3846 33.3333 84.7059 2
0 118.171 186.585 214 0 44.4444 58.3333 71.7647 3
0 140.25 223.125 215 0 39.0244 73.1707 67.8431 2
0 18.6585 37.3171 214 9.67742 0 3.22581 87.8431 2
0 19.125 51 215 13.8889 0 5.55556 85.8824 1
0 131.364 200.909 222 0 55.5556 61.1111 71.7647 5
0 49.0385 78.4615 229 0 19.1489 27.6596 81.5686 1
0 10.625 21.25 231 0 11.1111 16.6667 78.8235 1
28.3333 28.3333 0 237 0 2 16 80.3922 1
47.8125 31.875 0 239 0 11.1111 16.6667 78.8235 1
0 119 187 240 0 23.9437 57.7465 72.1569 1
0 156.923 215.769 242 0 50 63.1579 70.1961 2
42.5 63.75 0 243 17.6471 11.7647 0 86.6667 2
0 0 0 253 7.40741 0 3.7037 89.4118 1
85 0 170 252 14.0351 0 43.8596 77.6471 2
0 127.5 255 253 0 19.4805 68.8312 69.8039 1
255 255 0 254 5.55556 16.6667 0 85.8824 1
0 255 0 254 0 56.8627 37.2549 80 1
0 255 255 254 0 41.3043 28.2609 81.9608 1
