0 23.3064 21.9355 69 0 2.6738 9.09091 26.6667 1
0 40.9091 38.1818 68 0 3.125 7.8125 24.7059 1
0 29.75 38.25 75 1.39535 0 1.39535 15.6863 2
0 34.8947 40.2632 65 0 6.73575 10.3627 24.3137 1
0 34.8947 40.2632 65 3.25581 0 0.930232 15.6863 1
0 31.3636 34.0909 68 2.32558 0 0.465116 15.6863 1
0 31.3636 34.0909 68 0 13.2979 13.8298 26.2745 10
0 13.9344 18.1148 72 0 6.28571 8 31.3725 1
0 38.25 29.325 55 0 9.04255 12.234 26.2745 1
0 31.3636 34.0909 68 0 10.6599 16.2437 22.7451 1
0 24.7714 16.0286 80 0 10.5263 14.2105 25.4902 1
12 0 10.5 85 1.13636 0 0.568182 30.9804 3
0 52.663 36.0326 163 0 9.83607 9.83607 52.1569 1
0 51.4789 58.662 42 0 21.6749 13.3005 20.3922 3
0 94.6782 152.748 53 0 42.3963 58.5253 14.902 2
0 96.9 158.1 55 0 39.0698 65.1163 15.6863 1
0 52.5773 52.5773 61 0 12.1495 16.3551 16.0784 2
0 102.781 165.23 59 0 34.9462 62.3656 27.0588 5
0 102.259 164.391 58 0 35.1219 65.3659 19.6078 1
0 95.625 170 63 0 32.7684 58.7571 30.5882 1
0 101.729 180.399 67 0 47.6191 70.4762 17.6471 4
0 99.1667 168.583 75 0 35.3261 61.413 27.8431 2
0 100.909 170.455 68 0 36.7347 60.2041 23.1373 1
0 102 177.771 80 0 37.2973 65.4054 27.451 3
0 95.4469 145.307 76 0 37.5 59.6591 30.9804 1
0 39.3429 56.8286 80 0 8.08081 23.7374 22.3529 3
0 121.705 165.17 79 0 38.4615 73.3333 23.5294 5
0 111.842 167.018 84 0 36.0759 61.3924 38.0392 2
0 110.309 174.775 77 0 39.6648 69.8324 29.8039 1
0 97.7245 155.748 88 0 36.6279 62.7907 32.549 1
0 92.4561 155.088 84 0 34.5238 58.3333 34.1176 1
0 66.0542 92.1687 89 0 25.4658 26.7081 36.8627 3
0 126.708 137.795 94 0 43.75 61.875 37.2549 4
0 118.056 185.741 93 0 42.5287 70.1149 31.7647 1
0 97.4522 144.554 98 0 36.3057 56.0509 38.4314 1
0 98.1987 142.547 94 0 36.1963 55.8282 36.0784 1
0 103.594 148.219 95 0 33.9744 56.4103 38.8235 1
0 97.2187 143.438 95 0 33.121 53.5032 38.4314 1
0 117.938 168.938 95 0 39.1566 69.8795 34.902 5
0 87.2819 136.913 106 0 26.8966 52.4138 43.1373 1
0 85 122.596 99 0 25.7143 54.2857 45.098 1
0 111.242 174.564 106 0 37.2414 60.6897 43.1373 3
0 85 109.792 111 0 31.1111 45.9259 47.0588 1
0 106.107 154.027 106 0 35.0649 55.8442 39.6078 1
0 101.617 132.293 122 0 31.5436 54.3624 41.5686 1
0 110.072 170.612 116 0 33.8028 73.9437 44.3137 2
0 108.721 160.116 126 0 34.2105 58.7719 55.2941 6
0 87.5954 97.3282 124 0 25.6881 45.8716 57.2549 1
0 122.847 176.825 118 0 29.5238 47.6191 58.8235 10
0 69.5455 81.1364 123 0 21.0084 35.2941 53.3333 1
0 89.1464 118.171 132 0 27.9412 52.2059 46.6667 1
0 98.7097 106.935 131 0 29.8387 36.2903 51.3725 2
0 99.7826 141.913 140 0 37.6147 52.2936 57.2549 3
0 114.75 191.25 135 0 41.4013 63.6943 38.4314 10
0 93.718 117.692 138 0 35.4545 50 56.8627 1
0 104.732 145.714 143 0 35.6436 50.4951 60.3922 1
0 157.098 204.911 143 0 59.6899 73.6434 49.4118 4
0 68.3036 97.9018 143 0 23.5294 30.8824 46.6667 4
0 114.633 147.385 146 0 35.9649 61.4035 55.2941 6
0 136.337 224.703 154 0 38.1944 72.9167 43.5294 5
0 127.5 145.35 155 0 38.1944 72.9167 43.5294 1
0 131.443 155.103 158 0 36 65 60.7843 4
0 106.484 170.934 164 0 32.9897 61.8557 61.9608 1
0 83.1522 124.728 163 0 22.7273 51.8182 56.8627 2
0 88.4694 137.908 157 0 21.7391 41.3043 63.9216 1
0 99.1667 62.3333 165 0 26 35 60.7843 3
0 141.359 171.848 163 0 59.8039 61.7647 60 6
0 134.211 166.421 160 0 61.4679 59.633 57.2549 1
0 116.167 187 165 0 45.5446 61.3861 60.3922 3
0 50.4396 70.055 164 0 24.0506 32.9114 69.0196 1
0 163.315 232.079 166 0 55.9055 76.378 50.1961 5
0 146.552 181.724 168 0 57.8947 71.9298 55.2941 1
0 150 183 170 0 46.087 66.087 54.902 5
0 146.552 178.793 168 0 47.4576 64.4068 53.7255 1
0 170 222.308 177 0 42.8571 76.1905 42.3529 10
0 171 216 170 0 54.6296 70.3704 57.6471 3
0 163.315 217.753 166 0 63.4146 71.5447 51.7647 5
0 171.91 226.348 166 0 65.0407 73.9837 51.7647 5
0 95.625 168.938 175 0 32.7103 56.0748 58.0392 7
0 186.802 231.279 169 0 61.7647 74.2647 46.6667 10
0 182.143 230.714 171 0 45.098 79.085 40 10
0 178.5 229.5 175 0 53.5088 77.193 55.2941 1
0 78.7037 204.63 174 0 39.2157 68.6274 60 1
0 88.2692 176.538 177 0 40.5172 57.7586 54.5098 1
0 159.375 181.688 175 0 44.6809 52.1277 63.1373 5
0 156.923 170 177 0 45.946 63.0631 56.4706 2
0 101.346 147.115 177 0 46.7391 51.087 63.9216 1
0 132.887 161.62 184 0 43.8776 61.2245 61.5686 1
0 23.6786 14.5714 115 0 8.40336 13.4454 53.3333 3
0 15.9375 0 159 0 2.27273 1.13635 65.4902 1
0 140.07 168.803 184 0 39.8305 53.3898 53.7255 3
0 149.813 168.938 175 0 39.8305 53.3898 53.7255 1
0 179.189 161.959 181 0 59.8131 46.729 58.0392 3
0 151.111 195.185 174 0 50.4587 60.5505 57.2549 2
0 158.028 190.352 184 0 53.5088 57.8947 55.2941 1
0 154.259 195.185 174 0 59.8131 60.7477 58.0392 1
0 154.937 190.443 176 0 51.2397 58.6777 52.549 1
0 149.026 188.766 178 0 43.2203 63.5593 53.7255 8
0 162.917 233.75 183 0 45.3781 73.9496 53.3333 9
0 176.25 232.5 187 0 57.7236 68.2927 51.7647 1
0 173.542 233.75 183 0 64.2857 71.4286 50.5882 1
0 166.458 226.667 183 0 61.9835 71.0744 52.549 1
0 174.658 234.041 182 0 48.8889 69.6296 47.0588 1
0 168.803 233.451 184 0 49.1379 74.1379 54.5098 2
0 165.584 228.507 178 0 47.7273 72.7273 48.2353 1
0 0 0 193 1.4493 0 4.34785 72.9412 3
0 66.5218 147.826 186 0 14.2857 46.6667 58.8235 3
0 88.8636 166.136 189 0 20.3884 44.6602 59.6078 2
0 88.4 176.8 180 0 24.031 70.5426 49.4118 3
0 88.8636 166.136 189 0 20.8333 66.6667 52.9412 1
0 88.8636 166.136 189 0 26.9565 69.5652 54.902 1
0 78.75 172.5 187 0 17.6471 62.7451 60 3
0 88.4 176.8 180 0 21.6216 64.8649 56.4706 1
0 167.463 216.94 188 0 61.062 69.0266 55.6863 3
0 165.211 219.085 184 0 63.7168 68.1416 55.6863 1
0 161.25 221.25 187 0 44.2623 68.0328 52.1569 1
0 171.269 220.746 188 0 45.5357 64.2857 56.0784 1
0 158.028 204.718 184 0 40.3361 72.2689 53.3333 1
0 162.609 210.652 186 0 40.3226 72.5807 51.3725 1
0 156.923 196.154 190 0 39.7959 52.0408 61.5686 7
0 159.375 199.219 191 0 52.4272 55.3398 59.6078 3
0 161.905 202.381 192 0 53.5354 58.5859 61.1765 1
0 185.455 239.545 189 0 49.6 69.6 50.9804 5
0 144.13 181.087 186 0 54.3478 60.8696 63.9216 1
23.5385 0 7.84621 190 14 6 0 80.3922 2
0 90.4839 143.952 193 0 13.6842 61.0526 62.7451 2
0 74.5385 133.385 190 0 9.7561 50 67.8431 1
0 151.271 220.424 196 0 38.3928 66.0714 56.0784 2
0 155.391 231.094 191 0 47.0086 70.0855 54.1176 1
0 166.531 223.776 206 0 62.8866 62.8866 61.9608 2
0 172.615 223.615 190 0 54.2373 65.2542 53.7255 1
0 178.5 212.5 195 0 55.5556 70.0855 54.1176 1
0 156.579 210.263 198 0 49.1071 61.6071 56.0784 1
0 161.5 208.25 195 0 64.486 63.5514 58.0392 4
0 152.105 196.842 198 0 59 59 60.7843 1
0 9.44444 4.72222 201 4.25532 6.38298 0 81.5686 6
4.55357 9.10714 0 199 4.25532 6.38298 0 81.5686 1
0 179.754 238.279 194 0 60.8696 78.2609 54.902 3
0 125 245 204 0 41.8367 72.449 61.5686 2
0 144.13 232.826 209 0 32.2917 68.75 62.3529 1
30 0 10 204 11.9048 2.38095 0 83.5294 2
0 105.326 177.391 209 0 42.6829 56.0976 67.8431 3
0 40.8 51 205 0 18.1818 16.3636 78.4314 1
0 142.8 198.9 205 0 62.5 58.3333 62.3529 2
0 185.938 239.063 207 0 41.2371 61.8557 61.9608 1
0 79.3333 198.333 210 0 40.4494 57.3034 65.098 2
0 154.063 207.188 207 0 41.3043 59.7826 63.9216 1
0 59.6809 146.489 208 0 37.037 46.9136 68.2353 1
0 68 164.333 210 0 34.7826 47.8261 63.9216 1
0 160.116 177.907 212 0 43.8202 57.3034 65.098 1
0 86.7 173.4 205 0 43.2099 54.321 68.2353 1
36.4286 0 0 213 0 6.25 4.16667 81.1765 1
0 166.047 243.14 212 0 49.5146 59.2233 59.6078 1
0 173.617 238.723 208 0 41.2371 61.8557 61.9608 1
0 80.8537 143.049 214 0 37.2093 48.8372 66.2745 1
0 67.5 112.5 221 0 25 31.9444 71.7647 1
0 201.316 208.026 217 0 45.0451 58.5586 56.4706 1
0 0 0 225 0 21.875 21.875 74.902 1
87.6563 0 63.75 223 0 26.9565 41.7391 54.902 1
0 100.658 234.868 217 0 42.6087 60 54.902 1
0 218.571 218.571 213 0 66 62 60.7843 2
0 80.8537 167.927 214 0 52.2936 49.5413 57.2549 1
0 54.0909 115.909 222 0 48.1481 49.0741 57.6471 1
0 77.2727 177.727 222 0 42.4528 47.1698 58.4314 1
0 180 255 221 0 46.6165 63.9098 47.8431 2
0 179.444 236.111 228 0 53.5714 59.8214 56.0784 1
39.8438 31.875 0 223 15.9091 6.81818 0 82.7451 2
0 16.4516 16.4516 224 0 11.1111 8.88889 82.3529 1
25.5 0 110.5 225 0 20.7792 33.7662 69.8039 1
0 24.6774 74.0323 224 0 19.6429 21.4286 78.0392 1
0 36.4286 160.286 220 0 33.3333 31.4815 78.8235 1
0 34 144.5 225 0 29.5082 31.1475 76.0784 1
0 51 214.2 230 0 24.4898 58.1633 61.5686 2
0 85 236.111 228 0 17.4757 60.1942 59.6078 1
0 95.625 233.75 231 0 16.5049 64.0777 59.6078 2
8.22581 0 57.5806 224 0 6.45161 25.8065 75.6863 1
12.1429 0 12.1429 234 0 15.7895 17.5439 77.6471 1
0 54.6429 236.786 227 0 32.0755 60.3774 58.4314 1
0 21.25 180.625 231 0 28.0488 43.9024 67.8431 1
166.304 0 121.957 232 60 0 23.75 68.6274 3
0 110.87 210.652 232 0 18.2927 42.6829 67.8431 10
69.5455 0 0 233 1.35133 0 6.75674 70.9804 1
81.1364 0 0 233 45.7143 0 2.85714 72.549 1
127.5 0 23.1818 233 47.7612 0 1.49256 73.7255 1
0 46.3636 81.1364 233 0 11.1111 13.3333 82.3529 3
127.5 0 42.5 231 30.7692 11.5385 0 79.6078 1
21.25 0 148.75 231 0 7.8125 32.8125 74.902 1
81.1364 0 104.318 233 7.93651 0 20.6349 75.2941 1
81.6 0 20.4 230 16 14 0 80.3922 1
0 25.5 191.25 235 0 7.40741 61.7284 68.2353 2
0 60 225 238 0 9.09091 12.5874 43.9216 1
42.5 0 14.1667 237 9.7561 4.87805 0 83.9216 1
0 30 15 238 4 0 0 80.3922 1
0 31.875 223.125 239 0 21.0937 31.25 49.8039 1
102 0 136 240 0 16.4384 27.3973 71.3725 1
85 0 233.75 243 0 40 50 72.549 1
